0 > 1
0 = 12
0 < 5
0 + 16
0 - 20
0 * 24
0 / 27
0 % 30
1 > 3
1 = 2
1 < 4
1 + 4
1 - 4
1 * 4
1 / 4
1 % 4
5 > 8
5 = 6
5 < 7
5 + 8
5 - 8
5 * 8
5 / 8
5 % 8
9 > 11
9 = 10
9 < 11
9 + 11
9 - 11
9 * 11
9 / 11
9 % 11
12 > 14
12 = 13
12 < 14
12  + 14
12 - 14
12 * 14
12 / 14
12 % 14
16 > 19
16 = 17
16 < 19
16 + 18
16 - 19
16 * 19
16 / 19
16 % 19
20 > 23
20 = 21
20 < 23
20 + 23
20 - 22
20 * 23
20 / 23
20 % 23
24 > 26
24 = 25
24 < 26
24 + 26
24 - 26
24 * 26
24 / 26
24 % 26
27 > 29
27 = 28
27 < 29
27 + 29
27 - 29
27 * 29
27 / 29
27 % 29
0 & 31
0 | 35
0 ! 39
0 ^ 42
0 ~ 45
1 & 4
1 | 4
1 ! 4
1 ^ 4
1 ~ 4
5 & 8
5 | 8
5 ! 8
5 ^ 8
5 ~ 8
9 & 11
9 | 11
9 ! 11
9 ^ 11
9 ~ 11
12 & 4
12 | 4
12 ! 4
12 ^ 4
12 ~ 4
16 & 19
16 | 19
16 ! 19
16 ^ 19
16 ~ 19
20 & 23
20 | 23
20 ! 23
20 ^ 23
20 ~ 23
24 & 26
24 | 26
24 ! 26
24 ^ 26
24 ~ 26
27 & 29
27 | 29
27 ! 29
27 ^ 29
27 ~ 29
31 > 34
31 = 33
31 < 34
31 + 34
31 - 34
31 * 34
31 / 34
31 % 34
31 & 32
31 | 34
31 ! 34
31 ^ 34
31 ~ 34
35 > 38
35 = 37
35 < 38
35 + 38
35 - 38
35 * 38
35 / 38
35 % 38
35 & 38
35 | 36
35 ! 38
35 ^ 38
35 ~ 38
39 > 41
39 = 40
39 < 41
39 + 41
39 - 41
39 * 41
39 / 41
39 % 41
39 & 41
39 | 41
39 ! 41
39 ^ 41
39 ~ 41
42 > 44
42 = 43
42 < 44
42 + 44
42 - 44
42 * 44
42 / 44
42 % 44
42 & 44
42 | 44
42 ! 44
42 ^ 44
42 ~ 44
1	0	4
1	1	4
1	2	4
1	3	4
1	4	4
1	5	4
1	6	4
1	7	4
1	8	4
1	9	4
1	.	4
1	a	4
1	b	4
1	c	4
1	d	4
1	e	4
1	f	4
1	g	4
1	h	4
1	i	4
1	j	4
1	k	4
1	l	4
1	m	4
1	n	4
1	o	4
1	p	4
1	q	4
1	r	4
1	s	4
1	t	4
1	u	4
1	v	4
1	w	4
1	x	4
1	y	4
1	z	4
1	A	4
1	B	4
1	C	4
1	D	4
1	E	4
1	F	4
1	G	4
1	H	4
1	I	4
1	J	4
1	K	4
1	L	4
1	M	4
1	N	4
1	O	4
1	P	4
1	Q	4
1	R	4
1	S	4
1	T	4
1	U	4
1	V	4
1	W	4
1	X	4
1	Y	4
1	Z	4
5	0	8
5	1	8
5	2	8
5	3	8
5	4	8
5	5	8
5	6	8
5	7	8
5	8	8
5	9	8
5	.	8
5	a	8
5	b	8
5	c	8
5	d	8
5	e	8
5	f	8
5	g	8
5	h	8
5	i	8
5	j	8
5	k	8
5	l	8
5	m	8
5	n	8
5	o	8
5	p	8
5	q	8
5	r	8
5	s	8
5	t	8
5	u	8
5	v	8
5	w	8
5	x	8
5	y	8
5	z	8
5	A	8
5	B	8
5	C	8
5	D	8
5	E	8
5	F	8
5	G	8
5	H	8
5	I	8
5	J	8
5	K	8
5	L	8
5	M	8
5	N	8
5	O	8
5	P	8
5	Q	8
5	R	8
5	S	8
5	T	8
5	U	8
5	V	8
5	W	8
5	X	8
5	Y	8
5	Z	8
9	0	11
9	1	11
9	2	11
9	3	11
9	4	11
9	5	11
9	6	11
9	7	11
9	8	11
9	9	11
9	.	11
9	a	11
9	b	11
9	c	11
9	d	11
9	e	11
9	f	11
9	g	11
9	h	11
9	i	11
9	j	11
9	k	11
9	l	11
9	m	11
9	n	11
9	o	11
9	p	11
9	q	11
9	r	11
9	s	11
9	t	11
9	u	11
9	v	11
9	w	11
9	x	11
9	y	11
9	z	11
9	A	11
9	B	11
9	C	11
9	D	11
9	E	11
9	F	11
9	G	11
9	H	11
9	I	11
9	J	11
9	K	11
9	L	11
9	M	11
9	N	11
9	O	11
9	P	11
9	Q	11
9	R	11
9	S	11
9	T	11
9	U	11
9	V	11
9	W	11
9	X	11
9	Y	11
9	Z	11
12	0	14
12	1	14
12	2	14
12	3	14
12	4	14
12	5	14
12	6	14
12	7	14
12	8	14
12	9	14
12	.	14
12	a	14
12	b	14
12	c	14
12	d	14
12	e	14
12	f	14
12	g	14
12	h	14
12	i	14
12	j	14
12	k	14
12	l	14
12	m	14
12	n	14
12	o	14
12	p	14
12	q	14
12	r	14
12	s	14
12	t	14
12	u	14
12	v	14
12	w	14
12	x	14
12	y	14
12	z	14
12	A	14
12	B	14
12	C	14
12	D	14
12	E	14
12	F	14
12	G	14
12	H	14
12	I	14
12	J	14
12	K	14
12	L	14
12	M	14
12	N	14
12	O	14
12	P	14
12	Q	14
12	R	14
12	S	14
12	T	14
12	U	14
12	V	14
12	W	14
12	X	14
12	Y	14
12	Z	14
16	0	19
16	1	19
16	2	19
16	3	19
16	4	19
16	5	19
16	6	19
16	7	19
16	8	19
16	9	19
16	.	19
16	a	19
16	b	19
16	c	19
16	d	19
16	e	19
16	f	19
16	g	19
16	h	19
16	i	19
16	j	19
16	k	19
16	l	19
16	m	19
16	n	19
16	o	19
16	p	19
16	q	19
16	r	19
16	s	19
16	t	19
16	u	19
16	v	19
16	w	19
16	x	19
16	y	19
16	z	19
16	A	19
16	B	19
16	C	19
16	D	19
16	E	19
16	F	19
16	G	19
16	H	19
16	I	19
16	J	19
16	K	19
16	L	19
16	M	19
16	N	19
16	O	19
16	P	19
16	Q	19
16	R	19
16	S	19
16	T	19
16	U	19
16	V	19
16	W	19
16	X	19
16	Y	19
16	Z	19
20	0	23
20	1	23
20	2	23
20	3	23
20	4	23
20	5	23
20	6	23
20	7	23
20	8	23
20	9	23
20	.	23
20	a	23
20	b	23
20	c	23
20	d	23
20	e	23
20	f	23
20	g	23
20	h	23
20	i	23
20	j	23
20	k	23
20	l	23
20	m	23
20	n	23
20	o	23
20	p	23
20	q	23
20	r	23
20	s	23
20	t	23
20	u	23
20	v	23
20	w	23
20	x	23
20	y	23
20	z	23
20	A	23
20	B	23
20	C	23
20	D	23
20	E	23
20	F	23
20	G	23
20	H	23
20	I	23
20	J	23
20	K	23
20	L	23
20	M	23
20	N	23
20	O	23
20	P	23
20	Q	23
20	R	23
20	S	23
20	T	23
20	U	23
20	V	23
20	W	23
20	X	23
20	Y	23
20	Z	23
24	0	26
24	1	26
24	2	26
24	3	26
24	4	26
24	5	26
24	6	26
24	7	26
24	8	26
24	9	26
24	.	26
24	a	26
24	b	26
24	c	26
24	d	26
24	e	26
24	f	26
24	g	26
24	h	26
24	i	26
24	j	26
24	k	26
24	l	26
24	m	26
24	n	26
24	o	26
24	p	26
24	q	26
24	r	26
24	s	26
24	t	26
24	u	26
24	v	26
24	w	26
24	x	26
24	y	26
24	z	26
24	A	26
24	B	26
24	C	26
24	D	26
24	E	26
24	F	26
24	G	26
24	H	26
24	I	26
24	J	26
24	K	26
24	L	26
24	M	26
24	N	26
24	O	26
24	P	26
24	Q	26
24	R	26
24	S	26
24	T	26
24	U	26
24	V	26
24	W	26
24	X	26
24	Y	26
24	Z	26
27	0	29
27	1	29
27	2	29
27	3	29
27	4	29
27	5	29
27	6	29
27	7	29
27	8	29
27	9	29
27	.	29
27	a	29
27	b	29
27	c	29
27	d	29
27	e	29
27	f	29
27	g	29
27	h	29
27	i	29
27	j	29
27	k	29
27	l	29
27	m	29
27	n	29
27	o	29
27	p	29
27	q	29
27	r	29
27	s	29
27	t	29
27	u	29
27	v	29
27	w	29
27	x	29
27	y	29
27	z	29
27	A	29
27	B	29
27	C	29
27	D	29
27	E	29
27	F	29
27	G	29
27	H	29
27	I	29
27	J	29
27	K	29
27	L	29
27	M	29
27	N	29
27	O	29
27	P	29
27	Q	29
27	R	29
27	S	29
27	T	29
27	U	29
27	V	29
27	W	29
27	X	29
27	Y	29
27	Z	29
31	0	34
31	1	34
31	2	34
31	3	34
31	4	34
31	5	34
31	6	34
31	7	34
31	8	34
31	9	34
31	.	34
31	a	34
31	b	34
31	c	34
31	d	34
31	e	34
31	f	34
31	g	34
31	h	34
31	i	34
31	j	34
31	k	34
31	l	34
31	m	34
31	n	34
31	o	34
31	p	34
31	q	34
31	r	34
31	s	34
31	t	34
31	u	34
31	v	34
31	w	34
31	x	34
31	y	34
31	z	34
31	A	34
31	B	34
31	C	34
31	D	34
31	E	34
31	F	34
31	G	34
31	H	34
31	I	34
31	J	34
31	K	34
31	L	34
31	M	34
31	N	34
31	O	34
31	P	34
31	Q	34
31	R	34
31	S	34
31	T	34
31	U	34
31	V	34
31	W	34
31	X	34
31	Y	34
31	Z	34
35	0	38
35	1	38
35	2	38
35	3	38
35	4	38
35	5	38
35	6	38
35	7	38
35	8	38
35	9	38
35	.	38
35	a	38
35	b	38
35	c	38
35	d	38
35	e	38
35	f	38
35	g	38
35	h	38
35	i	38
35	j	38
35	k	38
35	l	38
35	m	38
35	n	38
35	o	38
35	p	38
35	q	38
35	r	38
35	s	38
35	t	38
35	u	38
35	v	38
35	w	38
35	x	38
35	y	38
35	z	38
35	A	38
35	B	38
35	C	38
35	D	38
35	E	38
35	F	38
35	G	38
35	H	38
35	I	38
35	J	38
35	K	38
35	L	38
35	M	38
35	N	38
35	O	38
35	P	38
35	Q	38
35	R	38
35	S	38
35	T	38
35	U	38
35	V	38
35	W	38
35	X	38
35	Y	38
35	Z	38
39	0	41
39	1	41
39	2	41
39	3	41
39	4	41
39	5	41
39	6	41
39	7	41
39	8	41
39	9	41
39	.	41
39	a	41
39	b	41
39	c	41
39	d	41
39	e	41
39	f	41
39	g	41
39	h	41
39	i	41
39	j	41
39	k	41
39	l	41
39	m	41
39	n	41
39	o	41
39	p	41
39	q	41
39	r	41
39	s	41
39	t	41
39	u	41
39	v	41
39	w	41
39	x	41
39	y	41
39	z	41
39	A	41
39	B	41
39	C	41
39	D	41
39	E	41
39	F	41
39	G	41
39	H	41
39	I	41
39	J	41
39	K	41
39	L	41
39	M	41
39	N	41
39	O	41
39	P	41
39	Q	41
39	R	41
39	S	41
39	T	41
39	U	41
39	V	41
39	W	41
39	X	41
39	Y	41
39	Z	41
42	0	44
42	1	44
42	2	44
42	3	44
42	4	44
42	5	44
42	6	44
42	7	44
42	8	44
42	9	44
42	.	44
42	a	44
42	b	44
42	c	44
42	d	44
42	e	44
42	f	44
42	g	44
42	h	44
42	i	44
42	j	44
42	k	44
42	l	44
42	m	44
42	n	44
42	o	44
42	p	44
42	q	44
42	r	44
42	s	44
42	t	44
42	u	44
42	v	44
42	w	44
42	x	44
42	y	44
42	z	44
42	A	44
42	B	44
42	C	44
42	D	44
42	E	44
42	F	44
42	G	44
42	H	44
42	I	44
42	J	44
42	K	44
42	L	44
42	M	44
42	N	44
42	O	44
42	P	44
42	Q	44
42	R	44
42	S	44
42	T	44
42	U	44
42	V	44
42	W	44
42	X	44
42	Y	44
42	Z	44
46	>	52
46	=	52
46	<	52
46	+	52
46	-	52
46	*	52
46	/	52
46	%	52
46	&	52
46	|	52
46	!	52
46	^	52
46	~	52
46	0	47
46	1	47
46	2	47
46	3	47
46	4	47
46	5	47
46	6	47
46	7	47
46	8	52
46	9	52
46	.	52
46	a	52
46	b	52
46	c	52
46	d	52
46	e	52
46	f	52
46	g	52
46	h	52
46	i	52
46	j	52
46	k	52
46	l	52
46	m	52
46	n	52
46	o	52
46	p	52
46	q	52
46	r	52
46	s	52
46	t	52
46	u	52
46	v	52
46	w	52
46	x	49
46	y	52
46	z	52
46	A	52
46	B	52
46	C	52
46	D	52
46	E	52
46	F	52
46	G	52
46	H	52
46	I	52
46	J	52
46	K	52
46	L	52
46	M	52
46	N	52
46	O	52
46	P	52
46	Q	52
46	R	52
46	S	52
46	T	52
46	U	52
46	V	52
46	W	52
46	X	49
46	Y	52
46	Z	52
47	>	48
47	=	48
47	<	48
47	+	48
47	-	48
47	*	48
47	/	48
47	%	48
47	&	48
47	|	48
47	!	48
47	^	48
47	~	48
47	0	47
47	1	47
47	2	47
47	3	47
47	4	47
47	5	47
47	6	47
47	7	47
47	8	48
47	9	48
47	.	48
47	a	48
47	b	48
47	c	48
47	d	48
47	e	48
47	f	48
47	g	48
47	h	48
47	i	48
47	j	48
47	k	48
47	l	48
47	m	48
47	n	48
47	o	48
47	p	48
47	q	48
47	r	48
47	s	48
47	t	48
47	u	48
47	v	48
47	w	48
47	x	48
47	y	48
47	z	48
47	A	48
47	B	48
47	C	48
47	D	48
47	E	48
47	F	48
47	G	48
47	H	48
47	I	48
47	J	48
47	K	48
47	L	48
47	M	48
47	N	48
47	O	48
47	P	48
47	Q	48
47	R	48
47	S	48
47	T	48
47	U	48
47	V	48
47	W	48
47	X	48
47	Y	48
47	Z	48
49	>	51
49	=	51
49	<	51
49	+	51
49	-	51
49	*	51
49	/	51
49	%	51
49	&	51
49	|	51
49	!	51
49	^	51
49	~	51
49	0	50
49	1	50
49	2	50
49	3	50
49	4	50
49	5	50
49	6	50
49	7	50
49	8	50
49	9	50
49	.	50
49	a	50
49	b	50
49	c	50
49	d	50
49	e	50
49	f	50
49	g	51
49	h	51
49	i	51
49	j	51
49	k	51
49	l	51
49	m	51
49	n	51
49	o	51
49	p	51
49	q	51
49	r	51
49	s	51
49	t	51
49	u	51
49	v	51
49	w	51
49	x	51
49	y	51
49	z	51
49	A	50
49	B	50
49	C	50
49	D	50
49	E	50
49	F	50
49	G	51
49	H	51
49	I	51
49	J	51
49	K	51
49	L	51
49	M	51
49	N	51
49	O	51
49	P	51
49	Q	51
49	R	51
49	S	51
49	T	51
49	U	51
49	V	51
49	W	51
49	X	51
49	Y	51
49	Z	51
50	>	51
50	=	51
50	<	51
50	+	51
50	-	51
50	*	51
50	/	51
50	%	51
50	&	51
50	|	51
50	!	51
50	^	51
50	~	51
50	0	50
50	1	50
50	2	50
50	3	50
50	4	50
50	5	50
50	6	50
50	7	50
50	8	50
50	9	50
50	.	50
50	a	50
50	b	50
50	c	50
50	d	50
50	e	50
50	f	50
50	g	51
50	h	51
50	i	51
50	j	51
50	k	51
50	l	51
50	m	51
50	n	51
50	o	51
50	p	51
50	q	51
50	r	51
50	s	51
50	t	51
50	u	51
50	v	51
50	w	51
50	x	51
50	y	51
50	z	51
50	A	50
50	B	50
50	C	50
50	D	50
50	E	50
50	F	50
50	G	51
50	H	51
50	I	51
50	J	51
50	K	51
50	L	51
50	M	51
50	N	51
50	O	51
50	P	51
50	Q	51
50	R	51
50	S	51
50	T	51
50	U	51
50	V	51
50	W	51
50	X	51
50	Y	51
50	Z	51
53	>	54
53	=	54
53	<	54
53	+	54
53	-	54
53	*	54
53	/	54
53	%	54
53	&	54
53	|	54
53	!	54
53	^	54
53	~	54
53	0	53
53	1	53
53	2	53
53	3	53
53	4	53
53	5	53
53	6	53
53	7	53
53	8	53
53	9	53
53	.	54
53	a	54
53	b	54
53	c	54
53	d	54
53	e	54
53	f	54
53	g	54
53	h	54
53	i	54
53	j	54
53	k	54
53	l	54
53	m	54
53	n	54
53	o	54
53	p	54
53	q	54
53	r	54
53	s	54
53	t	54
53	u	54
53	v	54
53	w	54
53	x	54
53	y	54
53	z	54
53	A	54
53	B	54
53	C	54
53	D	54
53	E	54
53	F	54
53	G	54
53	H	54
53	I	54
53	J	54
53	K	54
53	L	54
53	M	54
53	N	54
53	O	54
53	P	54
53	Q	54
53	R	54
53	S	54
53	T	54
53	U	54
53	V	54
53	W	54
53	X	54
53	Y	54
53	Z	54
55	>	57
55	=	57
55	<	57
55	+	57
55	-	57
55	*	57
55	/	57
55	%	57
55	&	57
55	|	57
55	!	57
55	^	57
55	~	57
55	0	56
55	1	56
55	2	56
55	3	56
55	4	56
55	5	56
55	6	56
55	7	56
55	8	56
55	9	56
55	.	57
55	a	57
55	b	57
55	c	57
55	d	57
55	e	57
55	f	57
55	g	57
55	h	57
55	i	57
55	j	57
55	k	57
55	l	57
55	m	57
55	n	57
55	o	57
55	p	57
55	q	57
55	r	57
55	s	57
55	t	57
55	u	57
55	v	57
55	w	57
55	x	57
55	y	57
55	z	57
55	A	57
55	B	57
55	C	57
55	D	57
55	E	57
55	F	57
55	G	57
55	H	57
55	I	57
55	J	57
55	K	57
55	L	57
55	M	57
55	N	57
55	O	57
55	P	57
55	Q	57
55	R	57
55	S	57
55	T	57
55	U	57
55	V	57
55	W	57
55	X	57
55	Y	57
55	Z	57
56	>	57
56	=	57
56	<	57
56	+	57
56	-	57
56	*	57
56	/	57
56	%	57
56	&	57
56	|	57
56	!	57
56	^	57
56	~	57
56	0	56
56	1	56
56	2	56
56	3	56
56	4	56
56	5	56
56	6	56
56	7	56
56	8	56
56	9	56
56	.	57
56	a	57
56	b	57
56	c	57
56	d	57
56	e	57
56	f	57
56	g	57
56	h	57
56	i	57
56	j	57
56	k	57
56	l	57
56	m	57
56	n	57
56	o	57
56	p	57
56	q	57
56	r	57
56	s	57
56	t	57
56	u	57
56	v	57
56	w	57
56	x	57
56	y	57
56	z	57
56	A	57
56	B	57
56	C	57
56	D	57
56	E	57
56	F	57
56	G	57
56	H	57
56	I	57
56	J	57
56	K	57
56	L	57
56	M	57
56	N	57
56	O	57
56	P	57
56	Q	57
56	R	57
56	S	57
56	T	57
56	U	57
56	V	57
56	W	57
56	X	57
56	Y	57
56	Z	57


